893
74 31
195 583
634 428
119 114
279 823
719 436
279 3
780 646
851 64
834 568
343 310
43 154
418 546
534 516
754 43
514 234
892 826
63 59
211 89
305 46
164 36
888 187
23 643
457 382
521 330
611 482
159 167
252 307
106 180
698 598
725 202
45 73
108 806
865 398
27 17
411 840
187 461
438 203
12 159
29 715
48 27
294 573
246 353
736 432
3 246
702 821
59 237
175 38
317 110
259 160
500 298
30 410
135 18
141 185
406 555
499 39
320 94
4 40
311 120
152 86
336 99
626 6
551 343
208 254
845 823
46 633
701 151
2 25
2 1
183 115
354 20
124 652
426 687
2 7
44 323
45 125
754 803
552 272
771 89
92 29
711 598
568 720
273 3
33 276
164 507
37 26
208 29
428 266
78 56
120 12
299 76
480 203
460 815
178 220
112 114
306 450
294 707
51 5
138 77
312 216
623 193
265 253
722 358
893 530
263 300
449 160
124 9
213 493
15 399
887 341
437 47
504 94
436 175
736 890
163 683
55 46
477 445
820 532
36 602
496 36
330 184
867 441
628 881
191 207
441 430
18 76
461 846
284 204
654 724
553 120
866 148
230 782
126 203
511 162
89 627
24 9
456 801
39 91
503 352
31 69
398 584
268 181
202 830
60 581
248 425
151 415
384 6
445 287
166 199
166 622
874 318
90 594
422 239
199 218
324 799
829 593
315 387
753 231
340 648
588 108
180 258
747 547
234 95
796 593
220 281
680 351
556 176
399 730
397 137
733 531
202 558
519 514
655 357
25 46
53 84
338 190
489 547
115 247
131 513
10 12
532 756
93 106
177 216
85 365
603 189
70 178
527 327
492 83
101 382
688 886
45 35
177 137
104 105
349 11
165 408
243 294
538 561
181 587
47 158
313 174
390 807
198 826
225 251
177 750
366 787
518 139
361 128
776 542
367 309
256 32
768 356
23 20
653 309
260 249
697 98
567 56
108 43
114 123
372 209
99 32
137 329
332 439
68 184
14 104
508 35
452 360
72 39
87 107
287 616
20 22
570 139
603 716
267 113
564 228
326 381
665 203
472 38
404 242
29 68
239 345
101 133
9 3
531 142
798 750
242 16
462 190
469 82
47 282
291 501
371 548
459 373
245 309
93 495
524 370
389 586
154 195
631 325
662 813
241 563
214 712
696 637
190 510
15 3
710 727
20 129
721 2
554 111
6 126
91 270
816 783
59 498
540 479
430 595
26 4
111 876
261 773
621 172
474 437
503 743
632 476
168 530
316 252
326 435
397 607
381 784
813 878
94 333
83 210
24 71
628 245
69 298
411 237
512 328
492 660
75 130
315 490
194 88
647 286
2 20
270 615
430 244
333 427
5 549
783 683
618 63
49 15
397 758
274 200
77 636
705 612
143 262
371 80
271 196
235 341
388 296
536 538
212 162
304 409
578 364
10 9
31 30
148 75
366 253
468 228
277 331
76 110
152 261
418 23
143 200
70 66
87 137
342 66
394 312
702 317
657 478
749 793
202 147
445 676
760 39
64 228
201 198
145 179
831 178
360 218
141 363
744 298
315 700
734 622
217 714
340 331
93 860
429 706
614 69
473 189
794 200
14 38
778 624
764 117
28 20
239 203
136 131
340 379
530 825
74 297
8 54
837 588
109 669
307 639
611 772
574 591
352 789
162 173
620 408
544 159
96 350
708 386
543 524
73 805
6 236
215 27
76 102
421 20
344 132
33 80
489 411
97 613
20 67
447 5
359 202
541 663
674 292
822 51
682 122
11 2
209 619
255 246
446 161
125 326
577 466
92 337
116 487
696 875
128 759
721 870
785 207
117 79
245 529
81 466
289 703
65 600
440 536
515 770
41 52
649 297
18 16
482 253
45 673
290 277
215 280
657 677
656 426
121 407
741 305
189 362
38 189
177 662
115 166
67 471
219 289
46 432
121 214
369 107
318 389
850 564
841 176
609 465
205 107
124 824
365 664
709 299
302 202
292 236
775 570
218 440
757 877
654 409
315 230
63 127
75 71
375 261
90 39
371 852
685 571
165 68
2 13
817 813
55 58
578 748
364 645
423 114
129 479
542 492
7 43
412 197
45 153
77 75
433 478
738 332
77 121
186 172
118 222
293 93
635 564
25 156
638 481
1 4
396 13
202 287
96 91
606 51
451 598
328 203
475 109
467 49
23 465
288 767
94 481
142 250
50 347
717 253
93 4
59 33
364 107
629 233
285 416
839 62
488 804
7 431
872 558
190 494
345 585
667 44
82 30
565 100
786 294
521 528
751 556
844 397
43 819
765 423
828 47
34 253
356 20
575 95
354 377
693 120
145 26
249 127
272 160
131 769
283 154
187 197
526 182
658 391
292 560
14 413
457 882
139 187
80 134
813 880
790 404
509 749
6 146
331 401
146 190
599 27
144 243
818 848
402 668
25 66
206 153
648 718
229 77
761 302
71 224
489 811
177 485
124 157
666 609
740 419
192 29
325 424
36 433
109 59
45 88
55 81
641 229
251 732
313 572
181 176
121 150
54 235
559 290
505 306
106 624
314 129
5 390
4 139
68 625
111 89
278 65
57 49
107 370
98 678
61 79
351 285
109 322
2 188
38 113
183 334
139 579
65 61
288 37
306 242
18 541
148 855
578 752
161 357
835 193
455 323
25 42
386 675
488 422
8 240
402 38
233 20
576 99
225 32
235 325
525 396
236 849
118 863
11 335
166 562
876 879
755 99
29 89
4 6
795 685
27 39
627 762
148 198
593 81
826 857
670 318
237 590
391 40
122 2
18 97
196 21
8 1
426 200
757 506
199 231
16 17
802 243
535 220
486 52
161 20
10 36
842 569
809 635
72 723
34 27
21 646
67 517
406 255
93 728
380 144
693 792
162 1
163 131
444 99
15 16
520 713
488 690
689 196
310 589
344 710
766 808
650 531
833 294
576 691
605 416
608 145
201 731
889 453
264 50
445 460
62 19
445 788
686 214
234 321
557 6
694 44
426 550
125 386
644 82
385 146
27 44
596 136
241 185
300 827
672 639
182 113
52 204
885 388
571 144
47 85
33 47
219 131
884 534
395 566
318 254
854 339
214 779
393 326
115 303
383 843
19 763
373 255
480 818
847 58
251 266
286 398
34 332
604 266
44 777
115 3
213 60
55 83
2 470
530 539
211 522
64 532
232 41
501 642
377 864
234 324
800 18
30 15
193 121
43 128
71 383
24 814
60 57
27 612
287 533
309 630
324 443
378 114
149 172
679 65
231 739
31 50
163 244
171 128
128 310
248 170
430 659
97 101
155 55
283 319
745 525
94 17
373 746
400 189
115 217
197 327
374 19
651 326
141 101
704 586
478 497
295 85
56 140
688 116
358 157
204 269
209 111
545 401
497 774
836 527
484 78
5 41
260 735
63 191
338 429
554 812
664 671
791 567
838 288
681 377
353 640
292 419
304 233
580 411
263 163
19 98
209 226
8 35
586 661
221 10
417 5
853 411
72 451
869 354
168 122
142 144
118 55
3 86
23 103
61 36
132 80
463 276
574 379
98 116
617 346
252 138
96 131
21 13
143 86
241 291
308 92
766 494
212 301
868 685
77 147
537 143
442 41
379 458
19 6
684 862
128 142
737 626
64 23
52 53
506 91
213 568
275 102
347 483
434 110
684 456
65 392
3 2
330 346
269 296
755 810
582 366
420 410
368 197
175 502
